T = [1 2 3 4 1 2 3 4 1 2 3 4 1 2 3 4 1 2 3 4]

P = [ 0.05736717  0.12473434  0.19210152  0.25946869  0.06236717  0.12973434
  0.19710152  0.26446869  0.06736717  0.13473434  0.20210152  0.26946869
  0.07236717  0.13973434  0.20710152  0.27446869  0.07736717  0.14473434
  0.21210152  0.27946869]


C = [ 0.20901875  0.29107216  0.3037613   0.32117151  0.28128912  0.29050201
  0.29816884  0.29965524  0.12731773  0.26513234  0.28540928  0.29925197
  0.14468187  0.24243838  0.28029671  0.27945095  0.10775884  0.1144538
  0.2743782   0.27575066]
